0.001554039242949763 7.066016130963911 100.61864013498723
0.009074230615769617 7.180283539856586 101.50163240101595
0.02278541080422036 7.318389718534925 102.3900702443825
0.04263806062765239 7.480029928220392 103.28379940725243
0.0685826609054166 7.6648994301344535 104.18266563179118
0.10056969245686222 7.872693485498562 105.0865146601642
0.13854963610134086 8.10310735553419 105.99519223453699
0.18247297265820125 8.355836301462789 106.90854409707498
0.23229018294679443 8.630575584505824 107.82641598994363
0.2879517477864719 8.927020465884764 108.74865365530847
0.34940814799658165 9.24486620682106 109.6751028353349
0.41660986439647507 9.583808068536177 110.60560927218839
0.489507377805504 9.943541312251586 111.54001870803444
0.5680511690430158 10.323761199188736 112.47817688503848
0.652191718928364 10.724162990569098 113.41992954536603
0.7418795082808952 11.144441947614126 114.3651224311825
0.8370650179199618 11.584293331545283 115.31360128465336
0.9376987286649159 12.043412403584046 116.2652118479441
1.0437311213351035 12.52149442495185 117.21979986322017
1.1551126767498776 13.018234656870177 118.17721107264705
1.2717938757285903 13.533328360560487 119.1372912183902
1.3937251990905875 14.06647079724423 120.09988604261508
1.5208571276552214 14.617357228142875 121.06484128748716
1.6531401422418457 15.185682914477896 122.03200269517191
1.7905247236698043 15.77114311747073 123.00121600783478
1.9329613527584544 16.373433098342865 123.97232696764127
2.0804005103271397 16.992248118315743 124.94518131675679
2.2327926771952127 17.627283438610824 125.91962479734683
2.3900883341820283 18.278234320449595 126.89550315157689
2.55223796210693 18.944796025053485 127.87266212161242
2.7191920417892703 19.626663813643972 128.85094744961881
2.890901054048405 20.323532947442537 129.83020487776167
3.067315479703675 21.035098687670605 130.81028014820632
3.2483857995744394 21.761056295549672 131.79101900311835
3.434062494480041 22.50110103230116 132.77226718466315
3.624296045239833 23.254928159146562 133.75387043500612
3.8190369326731703 24.022232937307344 134.7356744963129
4.018235637599395 24.802710628004938 135.71752511074885
4.221842640837862 25.596056492460832 136.69926802047942
4.429808423207925 26.401965791896487 137.68074896767016
4.642083465528926 27.220133787533342 138.66181369448643
4.85861824862022 28.05025574059287 139.64230794309373
5.079363253301162 28.89202691229656 140.6220774556576
5.3042689603910915 29.745142563865826 141.60096797434338
5.53328585070937 30.609297956522177 142.57882524131665
5.766364405075338 31.48418835148703 143.55549499874283
6.003455104308349 32.369509009981876 144.53082298878738
6.244508429227761 33.26495519322818 145.50465495361578
6.489474860652911 34.17022216244738 146.47683663539343
6.738304879403158 35.08500517886095 147.44721377628588
6.990948966297854 36.00899950369037 148.4156321184586
7.24735760215634 36.94190039815707 149.38193740407698
7.5074812677979725 37.883403123482516 150.34597537530652
7.771270444042108 38.833202940888214 151.30759177431278
8.038675611708085 39.790995111595564 152.26663234326102
8.309647251615262 40.75647489682606 153.2229428243169
8.584135844582981 41.72933755780116 154.17636895964583
8.8620918714306 42.70927835574231 155.1267564914132
9.14346581297747 43.69599255187103 156.07395116178452
9.428208150042932 44.6891754074087 157.0177987129253
9.716269363446342 45.688522183576836 157.958144887001
10.00759993400706 46.69372814159689 158.894835426177
10.302150342544419 47.70448854269031 159.82771607261887
10.599871069877782 48.720498648078575 160.756632568492
10.90071259682649 49.74145371898312 161.68143065596192
11.2046254042099 50.767049016625435 162.60195607719402
11.511559972847362 51.79697980222698 163.51805457435384
11.82146678355822 52.830941337009186 164.4295718896068
12.13429631716183 53.86862888219355 165.33635376511836
12.449999054477546 54.90973769900153 166.238245943054
12.768525476324704 55.95396304865456 167.13509416557923
13.089826063522668 57.00100019237412 168.02674417485943
13.41385129689079 58.050544391381706 168.91304171306018
13.74055165724841 59.102290906898716 169.7938325223468
14.069877625414884 60.155935000146656 170.66896234488487
14.401779682209556 61.211171932346964 171.53827692283983
14.736208308451781 62.26769696472111 172.4016219983771
15.07311398496092 63.32520535849058 173.2588433136622
15.412447192556302 64.38339237487676 174.10978661086057
15.754158412057286 65.4419532751012 174.95429763213767
16.098198124283233 66.50058332038533 175.79222211965902
16.44451681005348 67.55897777195061 176.62340581558996
16.79306495018738 68.61683189101849 177.44769446209608
17.143793025504287 69.67384093881044 178.2649338013428
17.49665151682356 70.72970017654795 179.07496957549566
17.85159090496453 71.78410486545243 179.87764752671995
18.208561670746555 72.83675026674537 180.6728133971813
18.56751429498898 73.88733164164822 181.46031292904505
18.928399258511167 74.93554425138245 182.23999186447676
19.291167042132475 75.98108335716958 183.01169594564195
19.655768126672225 77.02364422023098 183.7752709147059
20.022152992949785 78.0629221017881 184.53056251383424
20.390272121784502 79.09861226306248 185.2774164851923
20.760075993995727 80.13040996527556 186.01567857094568
21.131515090402807 81.15801046964876 186.74519451325972
21.50453989182511 82.18110903740363 187.46581005430005
21.879100879081967 83.19940092976154 188.17737093623197
22.255148532992724 84.21258140794397 188.87972290122104
22.632633334376745 85.22034573317242 189.57271169143266
23.011505764053375 86.22238916666834 190.25618304903236
23.39171630284198 87.21840696965323 190.92998271618558
23.77321543156188 88.20809440334841 191.59395643505778
24.15595363103244 89.19114672897547 192.24794994781442
24.539881382073016 90.16725920775585 192.891808996621
24.92494916550295 91.13612710091098 193.52537932364294
25.311107462141596 92.09744566966233 194.1485066710457
25.69830675280832 93.05091017523144 194.7610367809948
26.08649751832244 93.99621587883965 195.36281539565567
26.475630239503317 94.93305804170848 195.95368825719382
26.865655397170315 95.86113192505937 196.53350110777467
27.256523472142774 96.78013279011381 197.1020996895637
27.648184945240068 97.68975589809332 197.6593297447263
28.040590297281504 98.58969651021924 198.20503701542808
28.433690009086455 99.47964988771308 198.7390672438344
28.82743456147427 100.35931129179629 199.26126617211077
29.221774435264294 101.2283759836904 199.77147954242264
29.61666011127589 102.08653922461676 200.26955309693545
30.01204207032842 102.93349627579698 200.75533257781473
30.407870793241194 103.76894239845238 201.2286637272259
30.804096760833588 104.59257285380448 201.68939228733444
31.20067045392495 105.40408290307472 202.1373640003058
31.59754235333462 106.2031678074846 202.57242460830548
31.994662939881984 106.98952282825559 202.99441985349893
32.402118698024296 107.77247615417916 203.4094168166496
32.83043669862579 108.56201302472896 203.82391355154493
33.27939682393649 109.35802890854865 204.23789517125073
33.74877707110897 110.16041749364857 204.65134563912991
34.23835543729585 110.96907246803903 205.06424891854545
34.747909919649686 111.78388751973026 205.47658897286024
35.27721851532308 112.60475633673262 205.8883497654372
35.826059221468626 113.43157260705642 206.29951525963926
36.39421003523891 114.26423001871196 206.71006941882942
36.98144895378654 115.10262225970952 207.11999620637053
37.58755397426411 115.94664301805948 207.52927958562557
38.21230309382419 116.79618598177204 207.93790351995742
38.85547430961936 117.65114483885755 208.345851972729
39.51684561880224 118.5114132773263 208.75310890730327
40.196195018525415 119.37688498518861 209.15965828704316
40.8933005059415 120.24745365045482 209.56548407531162
41.60794007820303 121.12301296113516 209.9705702354715
42.33989173246263 122.00345660523998 210.37490073088583
43.08893346587288 122.88867827077956 210.77845952491742
43.854843275586376 123.77857164576423 211.1812305809293
44.63739915875572 124.67303041820426 211.58319786228435
45.43637911253352 125.57194827611004 211.98434533234553
46.251561134072325 126.47521890749177 212.38465695447573
47.08272322052473 127.38273600035977 212.78411669203788
47.92964336904334 128.2943932427244 213.18270850839494
48.79209957678075 129.2100843225959 213.58041636690982
49.66986984088959 130.12970292798465 213.97722423094544
50.56273215852237 131.05314274690087 214.37311606386479
51.47046452683172 131.98029746735494 214.76807582903066
52.39284494297023 132.9110607773571 215.16208748980608
53.32965140409048 133.8453263649177 215.55513500955402
54.28066190734509 134.78298791804698 215.9472023516373
55.24565444988668 135.7239391247554 216.3382734794189
56.224407028867745 136.66807367305307 216.72833235626175
57.21669764144094 137.61528525095036 217.11736294552875
58.22230428475884 138.56546754645763 217.5053492105829
59.24100495597404 139.51851424758513 217.89227511478703
60.27257765223917 140.47431904234324 218.27812462150416
61.316800370706744 141.4327756187421 218.66288169409717
62.3734511085294 142.39377766479222 219.046530295929
63.44230786285973 143.35721886850374 219.42905439036252
64.52314863085029 144.32299291788706 219.81043794076075
65.61575140965371 145.29099350095242 220.19066491048656
66.71989419642263 146.2611143057102 220.56971926290294
67.83535498830952 147.2332490201706 220.9475849613727
68.96191178246706 148.207291332344 221.32424596925887
70.09934257604779 149.18313493024073 221.69968624992438
71.24742536620431 150.16067350187097 222.0738897667321
72.40593815008931 151.13980073524522 222.44684048304498
73.57465892485523 152.1204103183736 222.81852236222596
74.75336568765475 153.10239593926647 223.18891936763796
75.94183643564041 154.08565128593415 223.5580154626439
77.13984916596486 155.07007004638697 223.92579461060674
78.34718187578069 156.05554590863522 224.2922407748894
79.56361256224044 157.04197256068915 224.65733791885475
80.78891922249672 158.02924369055913 225.02107000586577
82.02287985370211 159.0172529862554 225.3834209992854
83.26527245300923 160.00589413578834 225.74437486247652
84.51587501757068 160.99506082716817 226.1039155588021
85.77446554453904 161.9846467484053 226.46202705162509
87.04082203106688 162.97454558750994 226.81869330430834
88.31472247430679 163.9646510324924 227.17389828021484
89.59594487141138 164.95485677136307 227.52762594270746
90.88426721953323 165.94505649213215 227.8798602551492
92.17946751582498 166.93514388281005 228.23058518090292
93.48132375743916 167.92501263140696 228.5797846833316
94.78961394152836 168.91455642593323 228.92744272579816
96.1041160652452 169.90366895439922 229.27354327166552
97.42460812574225 170.89224390481516 229.61807028429658
98.75086812017209 171.88017496519134 229.96100772705432
100.08267404568748 172.86735582353822 230.30233956330167
101.41980389944075 173.85368016786592 230.6420497564015
102.76203567858461 174.83904168618477 230.98012226971676
104.10914738027168 175.82333406650514 231.31654106661037
105.4609170016545 176.80645099683733 231.65129011044527
106.81712253988567 177.7882861651916 231.98435336458442
108.17754199211781 178.76873325957828 232.3157147923907
109.54195335550348 179.7476859680077 232.64535835722708
110.9101346271953 180.7250379784901 232.97326802245647
112.28186380434585 181.7006829790359 233.29942775144178
113.65691888410771 182.6745146576552 233.62382150754593
115.03507786363363 183.6464267023586 233.9464332541319
116.41611874007587 184.6163128011561 234.26724695456258
117.79981951058727 185.58406664205816 234.58624657220093
119.18595817232031 186.54958191307506 234.90341607040983
120.57431272242765 187.51275230221714 235.21873941255222
121.96466115806186 188.47347149749464 235.53220056199106
123.35678147637547 189.43163318691785 235.84378348208924
124.75045167452119 190.38713105849718 236.15347213620973
126.14544974965156 191.33985880024284 236.4612504877154
127.54155369891917 192.28971010016517 236.76710249996924
128.93854151947656 193.2365786462745 237.07101213633413
130.33619120847652 194.18035812658115 237.37296336017312
131.73428076307133 195.1209422290953 237.67294013484891
133.13258818041376 196.05822464182734 237.97092642372462
134.53089145765637 196.99209905278758 238.26690619016307
135.9289685919518 197.92245914998628 238.56086339752724
137.32659758045253 198.84919862143377 238.85278200918006
138.7235564203113 199.77221115514038 239.14264598848445
140.11962310868057 200.69139043911642 239.4304392988033
141.514575642713 201.60663016137212 239.7161459034996
142.90819201956117 202.5178240099178 239.99974976593626
144.3002502363778 203.42486567276393 240.2812348494762
145.69052829031523 204.3276488379206 240.56058511748233
147.07880417852613 205.22606719339814 240.8377845333176
148.4648558981632 206.12001442720697 241.11281706034495
149.8484614463789 207.00938422735732 241.38566666192725
151.22939882032594 207.89407028185946 241.6563173014275
152.60744601715686 208.77396627872375 241.92475294220858
153.98238103402417 209.64896590596052 242.19095754763345
155.3539818680806 210.51896285158003 242.454915081065
156.7220265164787 211.38385080359257 242.71660950586622
158.086292976371 212.24352345000844 242.97602478539997
159.44655924491025 213.0978744788381 243.2331448830292
160.80260331924882 213.9467975780916 243.4879537621169
162.1542031965394 214.79018643577936 243.74043538602587
163.5011368739346 215.62793473991172 243.99057371811915
164.84318234858696 216.45993617849896 244.2383527217596
166.18011761764916 217.28608443955136 244.48375636031022
167.51172067827375 218.10627321107927 244.72676859713386
168.83776952761326 218.92039618109294 244.9673733955935
170.15804216282038 219.7283470376027 245.20555471905206
171.4723165810476 220.53001946861886 245.44129653087242
172.78037077944765 221.32530716215174 245.6745827944176
174.08198275517307 222.1141038062117 245.90539747305044
175.37693050537638 222.89630308880885 246.13372453013392
176.66499202721013 223.67179869795362 246.35954792903095
177.94594531782707 224.44048432165636 246.58285163310447
179.21956837437966 225.20225364792725 246.80361960571736
180.48563919402056 225.95700036477672 247.02183581023263
181.74393577390236 226.70461816021498 247.23748421001312
182.99423611117763 227.4450007222524 247.45054876842184
184.23631820299892 228.1780417388992 247.66101344882162
185.46996004651896 228.9036348981658 247.86886221457553
186.69493963889016 229.62167388806245 248.07407902904635
187.9110349772654 230.33205239659947 248.27664785559708
189.1180240587969 231.03466411178704 248.47655265759064
190.3156848806374 231.72940272163564 248.67377739838997
191.50379543993955 232.41616191415548 248.86830604135798
192.68213373385595 233.0948353773569 249.06012254985768
193.85047775953916 233.76531679925012 249.24921088725182
195.00860551414166 234.42749986784557 249.4355550169035
196.15629499481622 235.08127827115348 249.61913890217554
197.29332419871537 235.72654569718418 249.7999465064309
198.41947112299164 236.36319583394797 249.97796179303256
199.53451376479768 236.99112236945513 250.15316872534336
200.63823012128614 237.61021899171607 250.32555126672634
201.73039818960945 238.22037938874087 250.4950933805443
202.8107959669203 238.82149724854008 250.6617790301603
203.87920145037126 239.41346625912382 250.8255921789371
204.93539263711494 239.9961801085025 250.98651679023777
205.97914752430395 240.56953248468636 251.14453682742518
207.01024410909088 241.13341707568577 251.29963625386225
208.02846038862813 241.68772756951103 251.45179903291194
209.03357436006874 242.23235765417235 251.60100912793723
210.02536402056487 242.76720101768018 251.7472505023009
211.0036073672692 243.29215134804468 251.89050711936602
211.96808239733446 243.80710233327622 252.03076294249536
212.9185671079132 244.3119476613851 252.1680019350521
213.85483949615787 244.8065810203816 252.30220806039887
214.77667755922116 245.2908960982761 252.43336528189886
215.6838592942557 245.76478658307883 252.56145756291477
216.57616269841407 246.2281461628001 252.6864688668098
217.4533657688488 246.68086852545025 252.80838315694652
218.3152465027126 247.12284735903955 252.92718439668823
219.16158289715796 247.55397635157834 253.04285654939758
219.99215294933754 247.97414919107692 253.15538357843764
220.80673465640373 248.3832595655456 253.2647494471713
221.60510601550936 248.78120116299456 253.37093811896148
222.38704502380696 249.16786767143432 253.4739335571711
223.1523296784491 249.54315277887497 253.57371972516313
223.9007379765883 249.90695017332695 253.67028058630044
224.63204791537729 250.25915354280056 253.76360010394606
225.3460374919686 250.59965657530603 253.8536622414628
226.04248470351473 250.92835295885374 253.94045096221365
226.72116754716842 251.24513638145388 254.0239502295615
227.3818640200822 251.54990053111698 254.10414400686935
228.0243521194087 251.84253909585308 254.18101625750006
228.6484098423004 252.12294576367265 254.25455094481657
229.25381518590996 252.3910142225859 254.32473203218183
229.84034614739 252.6466381606032 254.39154348295872
230.40778072389307 252.88971126573483 254.45496926051018
230.95589691257186 253.1201272259911 254.51499332819924
231.4844727105787 253.33777972938236 254.5715996493887
231.99328611506647 253.54256246391884 254.62477218744155
232.4821151231876 253.7343691176108 254.67449490572068
232.95073773209478 253.9130933784687 254.7207517675891
233.39893193894056 254.07862893450277 254.76352673640963
233.8264757408775 254.23086947372323 254.80280377554521
234.2331471350582 254.36970868414045 254.83856684835888
234.61872411863533 254.49504025376484 254.87079991821346
234.98298468876123 254.60675787060654 254.89948694847197
235.32570684258894 254.70475522267597 254.92461190249725
235.6466685772706 254.78892599798323 254.94615874365223
235.9456478899591 254.85916388453893 254.96411143529988
236.22242277780674 254.91536257035315 254.9784539408031
236.4767712379665 254.95741574343626 254.98917022352487
236.7084712675907 254.98521709179863 254.99624424682807
236.91730086383194 254.9986603034505 254.99965997407566
237.106701317594 254.99757670440303 254.99148283393293
237.2933384802897 254.98166853619398 254.93564458189505
237.47928459827247 254.95101699836647 254.82823714694416
237.66453481329674 254.90574585208103 254.66987622760325
237.84908426711687 254.84597885849817 254.46117752239533
238.03292810148736 254.77183977877849 254.20275672984343
238.21606145816253 254.68345237408255 253.89522954847055
238.39847947889692 254.58094040557086 253.53921167679965
238.58017730544492 254.46442763440396 253.13531881335382
238.76115007956096 254.33403782174244 252.68416665665598
238.94139294299947 254.1898947287468 252.18637090522915
239.1209010375149 254.03212211657763 251.64254725759636
239.2996695048616 253.86084374639546 251.05331141228066
239.47769348679407 253.6761833793609 250.419279067805
239.65496812506674 253.4782647766344 249.7410659226924
239.83148856143399 253.26721169937662 249.01928767546588
240.00724993765027 253.04314790874798 248.2545600246484
240.18224739547006 252.80619716590914 247.44749866876302
240.3564760766477 252.5564832320206 246.59871930633275
240.52993112293768 252.29412986824292 245.7088376358805
240.70260767609443 252.01926083573667 244.7784693559294
240.87450087787235 251.7319998956623 243.8082301650023
241.04560587002587 251.4324708091805 242.79873576162237
241.21591779430943 251.12079733745176 241.7506018443126
241.38543179247748 250.79710324163662 240.6644441115959
241.5541430062844 250.46151228289563 239.54087826199537
241.72204657748463 250.11414822238936 238.38051999403393
241.88913764783263 249.75513482127835 237.18398500623468
242.0554113590828 249.3845958407231 235.95188899712056
242.2208628529896 249.00265504188425 234.68484766521456
242.38548727130743 248.6094361859223 233.3834767090397
242.54927975579074 248.20506303399776 232.04839182711893
242.71223544819392 247.78965934727125 230.68020871797546
242.8743494902714 247.3633488869033 229.27954308013216
243.03561702377766 246.92625541405448 227.847010612112
243.1960331904671 246.4785026898853 226.38322701243806
243.35559313209416 246.02021447555632 224.8888079796333
243.51429199041326 245.55151453222808 223.36436921222074
243.6721249071788 245.07252662106114 221.8105264087234
243.82908702414525 244.58337450321608 220.22789526766425
243.985173483067 244.0841819398534 218.61709148756634
244.14037942569854 243.5750726921337 216.97873076695265
244.29469999379424 243.05617052121744 215.31342880434605
244.44813032910852 242.52759918826527 213.62180129826982
244.6006655733959 241.9894824544377 211.90446394724682
244.7523008684107 241.4419440808953 210.1620324498001
244.90303135590744 240.88510782879857 208.39512250445262
245.0528521776405 240.3190974593081 206.6043498097274
245.20175847536427 239.74403673358444 204.79033006414744
245.34974539083322 239.1600494127881 202.95367896623577
245.4968080658018 238.5672592580797 201.0950122145154
245.6429416420244 237.96579003061973 199.21494550750927
245.7881412612555 237.35576549156875 197.31409454374045
245.93240206524945 236.7373094020873 195.3930750217318
246.07571919576077 236.11054552333596 193.45250264000657
246.21808779454383 235.47559761647528 191.49299309708766
246.35950300335304 234.8325894426658 189.51516209149807
246.4999599639429 234.18164476306808 187.51962532176083
246.63945381806778 233.52288733884265 185.5069984863989
246.77797970748207 232.85644093115005 183.4778972839353
246.91553277394036 232.18242930115088 181.43293741289307
247.05210815919693 231.5009762100056 179.37273457179515
247.18770100500623 230.81220541887487 177.29790445916458
247.32230645312274 230.11624068891916 175.20906277352438
247.45591964530084 229.41320578129898 173.1068252133974
247.588535723295 228.70322445717503 170.9918074773069
247.72014982885958 227.98642047770775 168.86462526377585
247.85075710374912 227.26291760405772 166.72589427132715
247.9803526897179 226.53283959738548 164.57623019848384
248.1089317285205 225.7963102188516 162.41624874376896
248.23648936191125 225.0534532296166 160.24656560570546
248.3630207316446 224.30439239084106 158.06779648281633
248.48852097947506 223.54925146368547 155.8805570736247
248.6129852471569 222.78815420931045 153.6854630766534
248.73640867644468 222.02122438887653 151.48313019042558
248.85878640909277 221.24858576354418 149.27417411346403
248.98011358685562 220.47036209447407 147.05921054429206
249.10038535148763 219.6866771428267 144.83885518143256
249.21959684474328 218.89765466976263 142.6137237234085
249.33774320837693 218.10341843644244 140.3844318687429
249.45481958414308 217.30409220402657 138.15159531595873
249.57082111379611 216.4997997336757 135.9158297635791
249.6857429390905 215.6906647865503 133.67775091012692
249.79958020178057 214.87681112381094 131.4379744541252
249.91232804362087 214.05836250661815 129.197116094097
250.02398160636577 213.2354426961325 126.9557915285653
250.13453603176973 212.40817545351447 124.71461645605287
250.24398646158713 211.57668453992477 122.47420657508317
250.35232803757245 210.74109371652384 120.23517758417898
250.45955590148006 209.90152674447225 117.99814518186331
250.56566519506444 209.05810738493057 115.76372506665915
250.67065106008002 208.2109593990593 113.53253293708954
250.77450863828116 207.36020654801902 111.30518449167747
250.87723307142235 206.5059725929703 109.08229542894593
250.97881950125804 205.6483812950736 106.86448144741794
251.0792630695426 204.7875564154896 104.65235824561653
251.1785589180305 203.92362171537877 102.44654152206469
251.27670218847615 203.0567009559016 100.24764697528518
251.37368802263398 202.18691789821878 98.05629030380148
251.46951156225842 201.31439630349078 95.87308720613632
251.5641679491039 200.43925993287817 93.6986533808128
251.65765232492484 199.5616325475415 91.53360452635387
251.74995983147568 198.68163790864133 89.37855634128249
251.84108561051082 197.79939977733818 87.2341245241217
251.93102480378474 196.91504191479262 85.10092477339457
252.01977255305178 196.0286880821652 82.97957278762406
252.1073240000665 195.14046204061646 80.87068426533314
252.19367428658325 194.25048755130692 78.77487490504495
252.27881855435643 193.3588883753971 76.69276040528209
252.36275194514056 192.4657882740477 74.62495646456813
252.44546960069 191.57131100841914 72.5720787814258
252.52696666275918 190.67558033967205 70.53474305437814
252.60723827310252 189.77872002896697 68.5135649819481
252.6862795734745 188.88085383746437 66.50916026265878
252.76408570562953 187.98210552632486 64.52214459503307
252.84065181132198 187.08259885670898 62.553133677594104
252.91597303230637 186.1824575897773 60.60274320886481
252.99004451033707 185.28180548669033 58.67158888736816
253.0628613871685 184.38076630860863 56.76028641162722
253.13441880455514 183.47946381669271 54.86945148016483
253.20471190425138 182.57802177210323 52.999699791504355
253.27373582801167 181.67656393600066 51.151647044168584
253.34148571759042 180.77521406954557 49.32590893668049
253.40795671474206 179.87409593389856 47.52310116756317
253.47314396122098 178.97333329022004 45.743839435339595
253.53704259878168 178.07304989967068 43.98873943853272
253.5996477691786 177.173369523411 42.258416875665546
253.66095461416612 176.27441592260158 40.553487445261254
253.72095827549865 175.3763128584029 38.87456684584265
253.77965389493068 174.47918409197558 37.22227077593283
253.83703661421657 173.58315338448003 35.59721493405465
253.8931015751108 172.68834449707697 34.00001501873135
253.9478439193678 171.7948811909269 32.431286728485844
254.00125878874195 170.90288722719035 30.891645761841175
254.05334132498774 170.0124863670279 29.381707817320205
254.10408666985958 169.12380237160005 27.902088593446166
254.15348996511187 168.23695900206735 26.45340378874181
254.201546352499 167.35208001959037 25.03626910173034
254.24825097377555 166.4692891853297 23.65130023093468
254.29359897069577 165.58871026044585 22.299112874877892
254.33758548501422 164.71046700609926 20.980322732082755
254.38020565848524 163.8346831834507 19.695545501072615
254.4214546328633 162.9614825536606 18.44539688037031
254.46132754990288 162.09098887788952 17.23049256849879
254.49981955135829 161.22332591729804 16.051448263981285
254.53692577898408 160.35861743304662 14.908879665340521
254.57264137453464 159.49698718629588 13.803402471099673
254.60696147976432 158.63855893820642 12.735632379781691
254.63988123642767 157.78345644993868 11.706185089909468
254.671395786279 156.93180348265327 10.715676300006294
254.70150027107286 156.08372379751074 9.764721708595062
254.73018983256352 155.23934115567158 8.853937014198493
254.7574596125056 154.39877931829642 7.98393791534005
254.78330475265338 153.56216204654578 7.155340110542397
254.8077203947614 152.72961310158018 6.368759298328712
254.83070168058396 151.90125624456024 5.624811177222
254.85224375187556 151.07721523664648 4.924111445745211
254.87234175039063 150.2576138389994 4.2672758024212385
254.89099081788365 149.4425758127796 3.6549199457733152
254.90818609610895 148.6322249191476 3.0876595743242774
254.92392272682105 147.82668491926398 2.5661103865973587
254.93819585177425 147.0260795742893 2.0908880811152244
254.9510006127231 146.230532645384 1.6626083564011083
254.96233215142203 145.4401678937088 1.2818869109779598
254.97218560962537 144.65510908042413 0.9493394433688422
254.98055612908766 143.87547996669056 0.6655816520967051
254.98743885156324 143.1014043136687 0.43122923568444094
254.99282891880657 142.33300588251905 0.2468978926553973
254.99672147257212 141.5704084344021 0.1132033215321826
254.99911165461424 140.81373573047853 0.03076122083808741
254.99999460668744 140.06311153190876 0.0001872890959475626
254.9765058441745 139.31091158401136 0.0
254.89757209395236 138.54663625697975 0.0
254.76368043685179 137.77042399876498 0.0
254.57551327878065 136.9824792796181 0.0
254.33375302564667 136.18300656978985 0.0
254.03908208335756 135.3722103395312 0.0
253.69218285782114 134.55029505909303 0.0
253.29373775494514 133.7174651987263 0.0
252.84442918063732 132.87392522868186 0.0
252.34493954080543 132.0198796192106 0.0
251.79595124135722 131.15553284056347 0.0
251.19814668820047 130.28108936299134 0.0
250.55220828724293 129.39675365674518 0.0
249.85881844439234 128.50273019207575 0.0
249.11865956555653 127.5992234392341 0.0
248.33241405664316 126.68643786847109 0.0
247.50076432356005 125.7645779500376 0.0
246.62439277221497 124.83384815418457 0.0
245.70398180851564 123.89445295116288 0.0
244.74021383836984 122.94659681122342 0.0
243.73377126768528 121.99048420461712 0.0
242.6853365023698 121.02631960159488 0.0
241.5955919483311 120.05430747240759 0.0
240.46522001147696 119.07465228730617 0.0
239.29490309771504 118.08755851654142 0.0
238.08532361295326 117.09323063036443 0.0
236.83716396309933 116.091873099026 0.0
235.551106554061 115.08369039277706 0.0
234.22783379174598 114.0688869818685 0.0
232.86802808206207 113.04766733655123 0.0
231.47237183091707 112.02023592707614 0.0
230.04154744421865 110.98679722369415 0.0
228.5762373278746 109.94755569665615 0.0
227.0771238877927 108.90271581621305 0.0
225.5448895298807 107.85248205261576 0.0
223.98021666004624 106.79705887611507 0.0
222.3837876841973 105.7366507569621 0.0
220.7562850082415 104.67146216540766 0.0
219.09839103808667 103.60169757170262 0.0
217.41078817964052 102.5275614460979 0.0
215.6941588388108 101.44925825884442 0.0
213.9491854215053 100.36699248019306 0.0
212.17655033363175 99.28096858039473 0.0
210.37693598109794 98.19139102970037 0.0
208.5510247698116 97.0984642983608 0.0
206.6994991056805 96.00239285662703 0.0
204.82304139461223 94.90338117474977 0.0
202.92233404251485 93.8016337229802 0.0
200.99805945529602 92.69735497156907 0.0
199.05090003886343 91.5907493907673 0.0
197.0815381991249 90.48202145082581 0.0
195.09065634198814 89.37137562199545 0.0
193.07893687336093 88.25901637452719 0.0
191.04706219915101 87.14514817867193 0.0
188.99571472526614 86.02997550468052 0.0
186.9255768576141 84.91370282280393 0.0
184.83733100210267 83.79653460329298 0.0
182.7316595646394 82.67867531639857 0.0
180.60924495113235 81.56032943237173 0.0
178.47076956748919 80.44170142146329 0.0
176.31691581961763 79.32299575392418 0.0
174.14836611342542 78.20441690000524 0.0
171.9658028548204 77.08616932995743 0.0
169.76990844971021 75.96845751403163 0.0
167.56136530400266 74.85148592247876 0.0
165.34085582360555 73.73545902554972 0.0
163.1090624144266 72.6205812934954 0.0
160.86666748237334 71.50705719656662 0.0
158.61435343335398 70.39509120501445 0.0
156.35280267327607 69.28488778908974 0.0
154.08269760804734 68.17665141904338 0.0
151.80472064357554 67.07058656512623 0.0
149.51955418576847 65.96689769758927 0.0
147.22788064053387 64.86578928668335 0.0
144.9303824137795 63.76746580265939 0.0
142.62774191141312 62.6721317157683 0.0
140.32064153934252 61.57999149626097 0.0
138.00976370347533 60.49124961438831 0.0
135.69579080971926 59.40611054040112 0.0
133.37940526398242 58.324778744550514 0.0
131.06128947217232 57.247458697087296 0.0
128.7421258401968 56.17435486826234 0.0
126.42259677396352 55.1056717283266 0.0
124.10338467938034 54.041613747530945 0.0
121.78517196235498 52.982385396126276 0.0
119.46864102879515 51.928191144363524 0.0
117.15447428460864 50.87923546249357 0.0
114.84335413570325 49.835722820767316 0.0
112.53596298798671 48.79785768943569 0.0
110.23298324736653 47.76584453874948 0.0
107.93509731975094 46.73988783895978 0.0
105.64298761104747 45.72019206031743 0.0
103.35733652716387 44.70696167307327 0.0
101.07882647400793 43.70040114747826 0.0
98.80813985748735 42.70071495378328 0.0
96.54595908350994 41.70810756223926 0.0
94.29296655798342 40.722783443097065 0.0
92.04984468681559 39.74494706660762 0.0
89.81727587591418 38.774802903021815 0.0
87.59594253118699 37.812555422590584 0.0
85.38652705854153 36.85840909556473 0.0
83.18971186388598 35.91256839219531 0.0
81.0061793531278 34.975237782733174 0.0
78.83661193217492 34.04662173742919 0.0
76.68169200693501 33.12692472653428 0.0
74.54210198331577 32.216351220299345 0.0
72.41852426722517 31.315105688975315 0.0
70.31164126457068 30.42339260281306 0.0
68.2221353812603 29.541416432063492 0.0
66.15068902320161 28.669381646977513 0.0
64.0979845963025 27.807492717806056 0.0
62.06470450647046 26.955954114799894 0.0
60.05153115961366 26.114970308210133 0.0
58.059146961639726 25.28474576828758 0.0
56.0882343184563 24.46548496528313 0.0
54.139475635971166 23.65739236944769 0.0
52.2135533200921 22.8606724510322 0.0
50.31114977672689 22.07552968028751 0.0
48.43294741178332 21.302168527464566 0.0
46.579628631169015 20.540793462814236 0.0
44.75187584079188 19.791608956587467 0.0
42.950371446559586 19.05481947903511 0.0
41.17579785437982 18.330629500408065 0.0
39.428837470160516 17.619243490957288 0.0
37.71017269980945 16.920865920933693 0.0
36.0204859492342 16.235701260588158 0.0
34.36045962434264 15.563953980171576 0.0
32.73077613104252 14.905828549934839 0.0
31.132117875241562 14.261529440128882 0.0
29.56516726284758 13.631261121004599 0.0
28.030606699768157 13.015228062812895 0.0
26.5291185919113 12.413634735804663 0.0
25.061385345184647 11.826685610230825 0.0
23.62808936549584 11.254585156342216 0.0
22.229913058752857 10.697537844389856 0.0
20.867538830863396 10.155748144624567 0.0
19.541649087735152 9.629420527297299 0.0
18.25292623527588 9.118759462658915 0.0
17.00205267939333 8.62396942096035 0.0
15.789710825995485 8.145254872452497 0.0
14.616583080989699 7.682820287386264 0.0
13.48335185028401 7.236870136012527 0.0
12.390699539786226 6.807608888582223 0.0
11.339308555403875 6.39524101534623 0.0
10.329861303044765 5.999970986555454 0.0
9.363040188616878 5.622003272460816 0.0
8.43952761802774 5.261542343313238 0.0
7.5600059971852716 4.918792669363626 0.0
6.725157731997115 4.593958720862787 0.0
5.935665228371022 4.287244968061756 0.0
5.192210892214803 3.9988558812113553 0.0
4.49547712943621 3.728995930562519 0.0
3.8461463459430547 3.477869586366154 0.0
3.2449009476428614 3.2456813188731246 0.0
2.6924233404437246 3.0326355983343802 0.0
2.189395930253056 2.8389368950007707 0.0
1.736501122979007 2.664789679123288 0.0
1.3344213245289893 2.5103984209527255 0.0
0.9838389408110402 2.3759675907401174 0.0
0.6854363777326284 2.261701658736257 0.0
0.4398960412017914 2.167805095192108 0.0
0.24790033712605464 2.0944823703585485 0.0
0.11013167141334179 2.0419379544864853 0.0
0.027272449971235346 2.010376317826797 0.0
0.0 2.0000000860145084 3.0861041601571753e-06
0.0 2.0004888325686836 0.017476300980706787
0.0 2.001927344649023 0.06865785917814206
0.0 2.004312442217141 0.15306875375698736
0.0 2.007640945234652 0.27022997777776414
0.0 2.0119096736631708 0.4196625243009939
0.0 2.017115447464311 0.6008873863871979
0.0 2.0232550865996877 0.8134255570969365
0.0 2.0303254110309137 1.0567980294906587
0.0 2.0383232407196035 1.3305257966289192
0.0 2.047245395627372 1.6341298515722398
0.0 2.0570886957158327 1.967131187381142
0.0 2.067849960946601 2.3290507971161465
0.0 2.07952601128129 2.719409673837776
0.0 2.0921136666815143 3.1377288106065504
0.0 2.1056097471088884 3.5835292004829915
0.0 2.1200110725250267 4.0563318365276215
0.0 2.1353144628915426 4.555657711800963
0.0 2.151516738170051 5.081027819363533
0.0 2.1686147183221656 5.6319631522758575
0.0 2.1866052233095012 6.207984703598456
0.0 2.205485073093672 6.808613466391851
0.0 2.225251087636292 7.433370433716561
0.0 2.2459000868989754 8.08177659863311
0.0 2.2674288908433367 8.753352954202018
0.0 2.2898343194309896 9.44762049348381
0.0 2.313113192623549 10.164100209539003
0.0 2.337262330382629 10.902313095428122
0.0 2.362278552669844 11.661780144211685
0.0 2.3881586794468115 12.442022348950347
0.0 2.4148995306751386 13.24256070270437
0.0 2.4424979263164426 14.062916198534404
0.0 2.4709506863323383 14.902609829500964
0.0 2.5002546306844406 15.761162588664579
0.0 2.530406579334362 16.638095469085773
0.0 2.5614033522437185 17.532929463825052
0.0 2.593241769374123 18.445185565942957
0.0 2.6259186506871908 19.3743847685
0.0 2.6594308161445355 20.320048064556698
0.0 2.693775085707771 21.281696447173573
0.0 2.728948279338513 22.258850909411162
0.0 2.7649472169983738 23.25103244432997
0.0 2.8017687186489697 24.25776204499052
0.0 2.8394096042519132 25.27856070445334
0.0 2.877866693768819 26.31294941577895
0.0 2.9171368071613015 27.360449172027863
0.0 2.9572167643909757 28.42058096626061
0.0 2.998103385419454 29.492865791537714
0.0 3.0397934902083525 30.576824640919693
0.0 3.0822838987192847 31.67197850746706
0.0 3.1255714309138645 32.77784838424035
0.0 3.169652906753714 33.89395526430026
0.0 3.2145251462004327 35.01982014070695
0.0 3.2601849692156417 36.154964006521126
0.0 3.3066291957609564 37.29890785480329
0.0 3.353854645797989 38.451172678613986
0.0 3.401858139288356 39.611279471013724
0.0 3.4506364961936695 40.77874922506304
0.0 3.500186536475546 41.95310293382242
0.0 3.550505080095598 43.13386159035244
0.0 3.6015889470154403 44.32054618771356
0.0 3.6534349571966866 45.51267771896636
0.0 3.7060399306009524 46.709777177171304
0.0 3.7594006871898507 47.91136555538897
0.0 3.8135140469249964 49.11696384667984
0.0 3.8683768297680037 50.326093044104454
0.0 3.923985855680486 51.53827414072332
0.0 3.9803379446240585 52.75302812959697
0.0 4.0374299165603365 53.96987600378593
0.0 4.095258591450931 55.1883387563507
0.0 4.15382078925746 56.407937380351825
0.0 4.213113329941534 57.628192868849816
0.0 4.273133033464781 58.84862621490541
0.0 4.333876719788793 60.0687584115787
0.0 4.395341208875194 61.28811045193041
0.0 4.457523320685598 62.506203329021076
0.0 4.520419875181621 63.72255803591122
0.0 4.584027692324877 64.93669556566135
0.0 4.648343592076979 66.14813691133202
0.0 4.713364394399543 67.35640306598371
0.0 4.77908691925418 68.56101502267697
0.0 4.845507986602508 69.7614937744723
0.0 4.912624416406138 70.95736031443022
0.0 4.980433028626686 72.14813563561128
0.0 5.048930643225766 73.33334073107599
0.0 5.118114080164993 74.51249659388486
0.0 5.18798015940598 75.68512421709842
0.0 5.258525700910341 76.8507445937772
0.0 5.329747524639692 78.00887871698168
0.0 5.401642450555645 79.15904757977245
0.0 5.474207298619817 80.30077217520996
0.0 5.547438888793819 81.43357349635477
0.0 5.621334041039267 82.55697253626741
0.0 5.695889575317777 83.67049028800838
0.0 5.7711023115909725 84.77364774463842
0.0 5.846969069820443 85.86596589921763
0.0 5.923486669967819 86.94696574480673
0.0 6.00065193199471 88.01616827446628
0.0 6.078461675862733 89.07309448125675
0.0 6.1569127215335016 90.11726535823871
0.0 6.236001888968629 91.14820189847264
0.0 6.315725998129732 92.16542509501909
0.0 6.396081868978422 93.16845594093857
0.0 6.477066321476316 94.15681542929158
0.0 6.558676175585024 95.1300245531387
0.0 6.640908251266166 96.08760430554038
0.0 6.7237593684813515 97.02907567955721
0.0 6.807226347192197 97.95395966824964
0.0 6.891306007360315 98.86177726467825
0.0 6.975995168947322 99.75204946190352
