255 197 66
251 189 74
245 182 82
240 174 90
235 166 97
230 159 105
224 151 113
219 143 121
214 135 129
209 128 137
203 120 145
198 112 153
193 105 161
188 106 167
182 111 172
177 115 178
171 120 183
166 125 189
160 129 194
155 134 199
150 138 205
144 143 210
139 148 215
133 152 221
128 157 226
125 159 228
125 159 226
126 159 224
126 159 223
126 159 221
126 159 219
126 159 218
127 159 216
127 159 214
127 159 213
127 159 211
127 159 209
125 160 205
114 163 193
104 167 181
94 170 169
83 174 157
73 177 145
62 180 133
52 184 121
42 187 110
31 191 98
21 194 86
10 198 74
0 201 62