0 0 0
64 32 16
128 64 32
192 96 48
0 128 64
64 160 80
128 192 96
192 224 112
0 0 128
64 32 144
128 64 160
192 96 176
0 128 192
64 160 208
128 192 224
192 224 240
0 0 0
64 32 16
128 64 32
192 96 48
0 128 64
64 160 80
128 192 96
192 224 112
0 0 128
64 32 144
128 64 160
192 96 176
0 128 192
64 160 208
128 192 224
192 224 240
0 0 0
64 32 16
128 64 32
192 96 48
0 128 64
64 160 80
128 192 96
192 224 112
0 0 128
64 32 144
128 64 160
192 96 176
0 128 192
64 160 208
128 192 224
192 224 240
0 0 0
64 32 16
128 64 32
192 96 48
0 128 64
64 160 80
128 192 96
192 224 112
0 0 128
64 32 144
128 64 160
192 96 176
0 128 192
64 160 208
128 192 224
192 224 240
0 0 0
64 32 16
128 64 32
192 96 48
0 128 64
64 160 80
128 192 96
192 224 112
0 0 128
64 32 144
128 64 160
192 96 176
0 128 192
64 160 208
128 192 224
192 224 240
0 0 0
64 32 16
128 64 32
192 96 48
0 128 64
64 160 80
128 192 96
192 224 112
0 0 128
64 32 144
128 64 160
192 96 176
0 128 192
64 160 208
128 192 224
192 224 240
0 0 0
64 32 16
128 64 32
192 96 48
0 128 64
64 160 80
128 192 96
192 224 112
0 0 128
64 32 144
128 64 160
192 96 176
0 128 192
64 160 208
128 192 224
192 224 240
0 0 0
64 32 16
128 64 32
192 96 48
0 128 64
64 160 80
128 192 96
192 224 112
0 0 128
64 32 144
128 64 160
192 96 176
0 128 192
64 160 208
128 192 224
192 224 240
0 0 0
64 32 16
128 64 32
192 96 48
0 128 64
64 160 80
128 192 96
192 224 112
0 0 128
64 32 144
128 64 160
192 96 176
0 128 192
64 160 208
128 192 224
192 224 240
0 0 0
64 32 16
128 64 32
192 96 48
0 128 64
64 160 80
128 192 96
192 224 112
0 0 128
64 32 144
128 64 160
192 96 176
0 128 192
64 160 208
128 192 224
192 224 240
0 0 0
64 32 16
128 64 32
192 96 48
0 128 64
64 160 80
128 192 96
192 224 112
0 0 128
64 32 144
128 64 160
192 96 176
0 128 192
64 160 208
128 192 224
192 224 240
0 0 0
64 32 16
128 64 32
192 96 48
0 128 64
64 160 80
128 192 96
192 224 112
0 0 128
64 32 144
128 64 160
192 96 176
0 128 192
64 160 208
128 192 224
192 224 240
0 0 0
64 32 16
128 64 32
192 96 48
0 128 64
64 160 80
128 192 96
192 224 112
0 0 128
64 32 144
128 64 160
192 96 176
0 128 192
64 160 208
128 192 224
192 224 240
0 0 0
64 32 16
128 64 32
192 96 48
0 128 64
64 160 80
128 192 96
192 224 112
0 0 128
64 32 144
128 64 160
192 96 176
0 128 192
64 160 208
128 192 224
192 224 240
0 0 0
64 32 16
128 64 32
192 96 48
0 128 64
64 160 80
128 192 96
192 224 112
0 0 128
64 32 144
128 64 160
192 96 176
0 128 192
64 160 208
128 192 224
192 224 240
0 0 0
64 32 16
128 64 32
192 96 48
0 128 64
64 160 80
128 192 96
192 224 112
0 0 128
64 32 144
128 64 160
192 96 176
0 128 192
64 160 208
128 192 224
192 224 240
